30
4
-2480.00,-880.00,2080.00
0.39,0.79,-0.79
1.00,1.00,1.00
2
3200.00,-800.00,10960.00
0.00,0.00,0.79
1.00,1.00,1.00
0
0.00,-1040.00,8800.00
0.00,0.00,0.00
1.90,1.90,1.90
8
0.00,-240.00,8800.00
0.00,0.00,0.00
1.00,1.00,1.00
2
0.00,-1200.00,15280.00
0.00,0.00,0.00
1.00,1.00,1.00
2
2320.00,-800.00,17920.00
0.00,-0.39,0.79
1.25,1.25,1.25
3
-1280.00,-800.00,21440.00
0.00,0.00,0.00
2.75,2.75,2.75
3
-1280.00,-960.00,21440.00
0.00,0.00,0.00
2.75,2.75,2.75
4
1040.00,-960.00,25600.00
0.00,0.39,0.00
2.75,2.75,2.75
5
4080.00,3920.00,30320.00
0.00,-3.14,-1.57
3.35,3.35,3.35
0
0.00,-1040.00,39200.00
0.00,0.00,0.00
2.65,2.65,2.65
6
640.00,880.00,45680.00
0.00,0.00,0.00
2.80,2.80,2.80
3
1520.00,-1120.00,51920.00
0.00,0.00,0.00
3.25,3.25,3.25
3
-1520.00,-1120.00,56800.00
0.39,0.79,0.00
3.25,3.25,3.25
2
880.00,-1120.00,63920.00
0.00,0.79,0.00
3.25,3.25,3.25
2
-5040.00,-1440.00,65680.00
0.00,0.79,0.00
3.25,3.25,3.25
0
960.00,-640.00,69760.00
0.00,0.00,0.00
4.75,4.75,4.75
1
960.00,-1120.00,75520.00
0.00,2.75,0.00
4.75,4.75,4.75
1
-800.00,-1120.00,72160.00
0.00,1.57,-0.39
4.75,4.75,4.75
3
-3920.00,-1120.00,78560.00
0.00,0.00,-0.39
4.75,4.75,4.75
3
2000.00,-1120.00,81440.00
0.00,0.00,0.39
4.75,4.75,4.75
6
5280.00,-160.00,90400.00
0.00,0.00,0.00
1.75,1.75,1.75
6
-2720.00,-160.00,90400.00
0.00,-3.14,0.00
1.75,1.75,1.75
0
560.00,-960.00,59440.00
0.00,0.00,0.00
1.40,1.40,1.40
2
1840.00,-1680.00,95600.00
0.00,0.00,0.39
1.70,1.70,1.70
2
-1920.00,-1680.00,97200.00
0.00,-3.14,0.39
1.70,1.70,1.70
2
-880.00,-1680.00,100720.00
0.00,-3.14,0.39
1.70,1.70,1.70
2
160.00,-1680.00,103920.00
0.00,0.00,0.00
1.70,1.70,1.70
2
-3440.00,-1680.00,106240.00
0.00,0.00,-0.39
1.70,1.70,1.70
2
-880.00,-1680.00,107760.00
0.00,0.00,-0.39
2.25,2.25,2.25
