245
4
-2480.00,-880.00,2080.00
0.39,0.79,-0.79
1.00,1.00,1.00
2
3200.00,-800.00,10960.00
0.00,0.00,0.79
1.00,1.00,1.00
0
0.00,-1040.00,8800.00
0.00,0.00,0.00
1.90,1.90,1.90
0
0.00,-800.00,22160.00
0.00,0.00,0.00
1.90,1.90,1.90
3
-1280.00,-720.00,10800.00
0.00,0.00,0.00
1.90,1.90,1.90
1
0.00,-720.00,21920.00
0.00,0.00,0.00
1.00,1.00,1.00
1
-1840.00,-720.00,21920.00
0.00,0.00,0.00
1.00,1.00,1.00
1
2000.00,-720.00,24160.00
0.39,3.14,-0.79
2.75,2.75,2.75
0
1360.00,-720.00,21120.00
0.00,0.79,0.00
3.10,3.10,3.10
4
2480.00,-720.00,29200.00
-0.79,1.18,0.79
1.00,1.00,1.00
4
-3840.00,-720.00,28400.00
-1.18,2.75,0.79
1.00,1.00,1.00
2
-3840.00,-720.00,42640.00
-1.18,2.75,0.79
1.00,1.00,1.00
2
240.00,-720.00,47200.00
0.00,0.00,0.79
1.00,1.00,1.00
3
1440.00,-480.00,47520.00
0.00,1.18,0.79
1.00,1.00,1.00
3
-640.00,-480.00,53440.00
0.00,1.18,0.79
1.50,1.50,1.50
2
1520.00,-480.00,53440.00
0.00,0.39,0.79
1.50,1.50,1.50
2
1520.00,-480.00,53440.00
-0.39,1.96,0.39
1.50,1.50,1.50
4
-1920.00,3440.00,41200.00
2.36,1.18,0.00
1.50,1.50,1.50
0
-480.00,-2400.00,42400.00
0.00,-0.39,0.00
2.95,2.95,2.95
0
-480.00,-1840.00,65520.00
0.00,-0.39,0.00
2.95,2.95,2.95
4
-3520.00,-1840.00,65520.00
0.00,-0.39,0.00
2.95,2.95,2.95
4
2800.00,-1840.00,72000.00
0.00,-0.39,1.18
2.95,2.95,2.95
2
1760.00,-1520.00,58880.00
0.00,0.00,0.39
1.00,1.00,1.00
2
-2720.00,-1520.00,58880.00
0.00,-0.39,-1.18
1.00,1.00,1.00
2
720.00,-1360.00,61120.00
0.00,-0.39,-0.39
1.45,1.45,1.45
4
-1200.00,-880.00,78640.00
0.00,1.96,1.18
2.10,2.10,2.10
2
2000.00,-880.00,85760.00
0.00,0.00,0.00
1.00,1.00,1.00
5
-720.00,-2080.00,16320.00
0.00,0.00,0.79
1.40,1.40,1.40
2
-2560.00,480.00,20080.00
0.00,0.00,-0.79
1.40,1.40,1.40
5
720.00,-1440.00,86560.00
-3.14,0.79,-2.75
2.35,2.35,2.35
1
160.00,-720.00,95520.00
-3.14,0.79,-2.75
3.65,3.65,3.65
1
1760.00,-720.00,95520.00
-3.14,0.79,-2.75
3.65,3.65,3.65
1
0.00,-720.00,97920.00
-3.14,0.79,-2.75
3.65,3.65,3.65
1
1360.00,-720.00,99840.00
-3.14,0.79,-2.75
3.65,3.65,3.65
1
-960.00,-720.00,100720.00
-3.14,0.79,-2.75
3.65,3.65,3.65
1
1920.00,-720.00,102160.00
-3.14,0.79,-2.75
5.25,5.25,5.25
1
960.00,-560.00,104080.00
-3.14,0.79,-2.75
5.75,5.75,5.75
6
2560.00,0.00,26000.00
0.00,0.00,0.00
1.25,1.25,1.25
6
-3200.00,0.00,26000.00
0.00,-3.14,0.00
1.25,1.25,1.25
6
720.00,0.00,93120.00
0.00,-0.39,0.00
1.65,1.65,1.65
1
-2240.00,-960.00,97040.00
0.00,-2.75,0.39
4.10,4.10,4.10
1
-2240.00,-720.00,101360.00
0.00,-2.75,0.39
4.45,4.45,4.45
1
-2480.00,-720.00,105440.00
0.00,-2.75,0.39
5.65,5.65,5.65
1
80.00,-720.00,106800.00
0.00,-2.75,0.39
5.65,5.65,5.65
5
5600.00,-2880.00,76480.00
0.00,0.00,1.18
2.35,2.35,2.35
5
5040.00,2480.00,32880.00
-3.14,-2.36,-1.18
2.50,2.50,2.50
5
4640.00,4160.00,32880.00
-3.14,-2.36,0.00
2.50,2.50,2.50
6
0.00,160.00,44800.00
0.00,1.57,0.00
1.15,1.15,1.15
6
1920.00,480.00,64000.00
0.00,0.39,0.00
1.55,1.55,1.55
6
1520.00,640.00,88720.00
0.00,0.39,0.00
1.85,1.85,1.85
8
0.00,-400.00,16000.00
0.00,0.00,0.00
1.00,1.00,1.00
8
-160.00,160.00,22000.00
0.00,0.00,0.00
1.00,1.00,1.00
8
-1120.00,-320.00,32240.00
0.00,0.00,0.00
1.00,1.00,1.00
8
-240.00,-720.00,42320.00
0.00,0.00,0.00
1.00,1.00,1.00
8
0.00,-400.00,47200.00
0.00,0.00,0.00
1.00,1.00,1.00
8
720.00,-480.00,59040.00
0.00,0.00,0.00
1.00,1.00,1.00
8
-960.00,-240.00,76000.00
0.00,0.00,0.00
1.00,1.00,1.00
8
800.00,-400.00,87840.00
0.00,0.00,0.00
1.00,1.00,1.00
8
-1040.00,400.00,99200.00
0.00,0.00,0.00
1.00,1.00,1.00
9
720.00,0.00,17120.00
0.00,0.00,0.00
1.00,1.00,1.00
9
-240.00,-320.00,55040.00
0.00,0.00,0.00
1.00,1.00,1.00
9
1200.00,0.00,66560.00
0.00,0.00,0.00
1.00,1.00,1.00
9
1360.00,-640.00,74800.00
0.00,0.00,0.00
1.00,1.00,1.00
9
1120.00,-240.00,100800.00
0.00,0.00,0.00
1.00,1.00,1.00
9
-960.00,-80.00,107120.00
0.00,0.00,0.00
1.00,1.00,1.00
9
-800.00,-400.00,31600.00
0.00,0.00,0.00
1.00,1.00,1.00
9
-560.00,-400.00,50640.00
0.00,0.00,0.00
1.00,1.00,1.00
9
-80.00,-400.00,79520.00
0.00,0.00,0.00
1.00,1.00,1.00
9
-400.00,320.00,95840.00
0.00,0.00,0.00
1.00,1.00,1.00
9
480.00,320.00,104400.00
0.00,0.00,0.00
1.00,1.00,1.00
3
2960.00,-400.00,39520.00
0.00,0.00,0.00
2.55,2.55,2.55
3
-2880.00,-800.00,53440.00
0.00,0.00,0.00
2.70,2.70,2.70
3
-2400.00,-800.00,59040.00
0.00,0.00,0.00
2.70,2.70,2.70
1
3840.00,-800.00,113200.00
0.00,2.75,0.39
5.95,5.95,5.95
1
-5040.00,-800.00,113200.00
0.00,2.75,0.39
5.95,5.95,5.95
5
-560.00,-1040.00,6800.00
0.00,0.00,0.00
1.95,1.95,1.95
2
-3520.00,480.00,10720.00
-1.18,-2.36,0.00
1.95,1.95,1.95
8
-320.00,240.00,25600.00
0.00,0.00,0.00
1.00,1.00,1.00
8
-560.00,-320.00,36960.00
0.00,0.00,0.00
1.00,1.00,1.00
8
-320.00,-240.00,65680.00
0.00,0.00,0.00
1.00,1.00,1.00
8
-320.00,480.00,88400.00
0.00,0.00,0.00
1.00,1.00,1.00
8
-320.00,480.00,88240.00
0.00,0.00,0.00
1.00,1.00,1.00
8
-320.00,480.00,88560.00
0.00,0.00,0.00
1.00,1.00,1.00
8
-80.00,-320.00,80160.00
0.00,0.00,0.00
1.00,1.00,1.00
8
0.00,-160.00,8640.00
0.00,0.00,0.00
1.00,1.00,1.00
1
-2240.00,-1280.00,112560.00
0.00,0.00,-0.79
6.60,6.60,6.60
1
1760.00,-1280.00,115120.00
0.00,1.18,-0.39
6.60,6.60,6.60
1
1680.00,-1280.00,118560.00
0.00,2.36,-0.79
6.60,6.60,6.60
1
-3200.00,-80.00,119360.00
1.18,1.57,-0.39
6.60,6.60,6.60
1
1360.00,-640.00,119280.00
-0.00,1.57,0.39
6.95,6.95,6.95
1
-1360.00,-640.00,122240.00
0.79,1.57,0.39
6.95,6.95,6.95
1
1120.00,-640.00,126880.00
0.79,3.14,0.39
6.95,6.95,6.95
2
-2240.00,-640.00,125520.00
-0.00,-0.79,-0.79
2.10,2.10,2.10
2
1520.00,-640.00,134000.00
-0.00,-0.79,-0.79
2.10,2.10,2.10
2
-3840.00,-2640.00,131520.00
-0.00,-0.79,-0.79
2.10,2.10,2.10
4
-5120.00,320.00,142720.00
-1.57,-0.79,-0.79
2.50,2.50,2.50
4
6240.00,2400.00,147360.00
-1.96,2.75,-0.79
2.90,2.90,2.90
4
6720.00,5760.00,154160.00
-2.75,2.75,-0.79
2.90,2.90,2.90
5
-6160.00,4240.00,166400.00
0.00,0.39,-1.18
4.55,4.55,4.55
5
-3360.00,-1040.00,163120.00
-0.79,2.75,1.57
4.55,4.55,4.55
5
2320.00,-1040.00,176480.00
0.00,0.00,0.00
2.75,2.75,2.75
5
-880.00,-1040.00,175680.00
0.00,-3.14,0.00
2.75,2.75,2.75
1
1600.00,-1440.00,111600.00
0.00,0.00,0.00
4.35,4.35,4.35
1
-2640.00,-80.00,108160.00
-1.18,-0.79,0.00
5.35,5.35,5.35
1
-2640.00,-80.00,111600.00
-1.57,-0.79,0.00
5.35,5.35,5.35
1
-2640.00,1920.00,117040.00
-1.96,-0.79,0.00
5.35,5.35,5.35
1
-4000.00,480.00,122080.00
-1.57,-1.57,0.00
5.65,5.65,5.65
2
3120.00,960.00,133120.00
-1.57,0.79,0.00
1.80,1.80,1.80
2
-10160.00,320.00,135440.00
-1.18,3.14,1.18
1.80,1.80,1.80
4
-12560.00,320.00,145360.00
0.00,3.14,1.18
1.80,1.80,1.80
4
-3200.00,4720.00,156960.00
0.39,3.14,2.75
2.50,2.50,2.50
4
0.00,7040.00,165360.00
0.00,2.36,2.75
2.50,2.50,2.50
1
-640.00,-1120.00,111360.00
0.00,0.00,0.00
2.35,2.35,2.35
1
-2080.00,-1120.00,114080.00
0.00,0.00,-0.79
2.35,2.35,2.35
1
2000.00,-1120.00,111520.00
-0.39,-2.36,-0.79
2.35,2.35,2.35
1
1680.00,-640.00,116720.00
-1.18,2.75,-0.79
2.80,2.80,2.80
1
-960.00,-960.00,120720.00
0.00,0.00,0.00
2.80,2.80,2.80
1
1360.00,-960.00,124560.00
0.00,0.00,0.00
2.80,2.80,2.80
1
2240.00,-960.00,121920.00
0.39,-0.79,0.79
3.00,3.00,3.00
1
-800.00,-960.00,116400.00
0.39,-0.79,0.79
3.00,3.00,3.00
3
2800.00,-960.00,133040.00
0.00,0.00,0.79
1.75,1.75,1.75
3
1920.00,-800.00,138240.00
-0.39,0.39,-0.00
2.35,2.35,2.35
4
2400.00,-800.00,146160.00
-0.39,0.39,-0.00
2.35,2.35,2.35
0
0.00,-800.00,176640.00
0.00,0.00,0.00
7.65,7.65,7.65
0
0.00,-800.00,177920.00
0.00,0.00,0.00
5.90,5.90,5.90
0
0.00,-800.00,179040.00
0.00,0.00,0.00
4.60,4.60,4.60
0
0.00,-800.00,180000.00
0.00,0.00,0.00
3.75,3.75,3.75
0
0.00,-800.00,180720.00
0.00,0.00,0.00
3.15,3.15,3.15
0
0.00,-800.00,181280.00
0.00,0.00,0.00
2.80,2.80,2.80
2
2880.00,-240.00,175520.00
0.00,0.39,-0.39
1.55,1.55,1.55
2
1760.00,-240.00,175680.00
0.00,0.39,-0.39
1.55,1.55,1.55
2
-4080.00,-240.00,175680.00
0.00,0.39,-0.39
1.55,1.55,1.55
1
400.00,-1120.00,112640.00
0.00,0.00,0.00
1.95,1.95,1.95
1
-160.00,-1120.00,115840.00
0.00,1.18,0.00
2.00,2.00,2.00
1
-640.00,-1120.00,113520.00
-0.39,1.18,0.00
2.55,2.55,2.55
1
-640.00,-1120.00,118240.00
-0.39,1.18,0.00
2.55,2.55,2.55
0
960.00,-960.00,130960.00
0.00,0.00,0.00
1.30,1.30,1.30
0
400.00,-960.00,132320.00
0.00,0.00,0.00
1.30,1.30,1.30
0
400.00,-1040.00,135520.00
0.00,0.00,0.00
1.30,1.30,1.30
0
-400.00,-1040.00,137520.00
0.00,0.00,0.00
1.30,1.30,1.30
4
-2160.00,-2960.00,146880.00
0.00,-0.79,0.00
1.70,1.70,1.70
5
3360.00,-2960.00,162400.00
0.00,0.39,1.18
1.70,1.70,1.70
0
0.00,-800.00,181760.00
0.00,0.00,0.00
2.25,2.25,2.25
0
0.00,-800.00,182160.00
0.00,0.00,0.00
2.25,2.25,2.25
0
0.00,-800.00,182560.00
0.00,0.00,0.00
2.25,2.25,2.25
1
-1280.00,-800.00,176560.00
-1.57,0.00,-1.18
2.25,2.25,2.25
1
-1280.00,-800.00,176960.00
-1.57,0.00,-1.18
2.25,2.25,2.25
1
-1280.00,-800.00,177280.00
-1.57,0.00,-1.18
2.25,2.25,2.25
1
-1280.00,-800.00,177600.00
-1.57,0.00,-1.18
2.25,2.25,2.25
1
-1280.00,-800.00,177920.00
-1.57,0.00,-1.18
2.25,2.25,2.25
1
-1280.00,-800.00,178240.00
-1.57,0.00,-1.18
2.25,2.25,2.25
1
-1280.00,-800.00,178560.00
-1.57,0.00,-1.18
2.25,2.25,2.25
1
-1280.00,-800.00,178880.00
-1.57,0.00,-1.18
2.25,2.25,2.25
1
-1280.00,-800.00,179200.00
-1.57,0.00,-1.18
2.25,2.25,2.25
1
-1280.00,-800.00,179520.00
-1.57,0.00,-1.18
2.25,2.25,2.25
1
-1280.00,-800.00,179840.00
-1.57,0.00,-1.18
2.25,2.25,2.25
1
-1280.00,-800.00,180160.00
-1.57,0.00,-1.18
2.25,2.25,2.25
1
-1280.00,-800.00,180480.00
-1.57,0.00,-1.18
2.25,2.25,2.25
1
-1280.00,-800.00,180800.00
-1.57,0.00,-1.18
2.25,2.25,2.25
1
-1280.00,-800.00,181120.00
-1.57,0.00,-1.18
2.25,2.25,2.25
1
-1280.00,-800.00,181440.00
-1.57,0.00,-1.18
2.25,2.25,2.25
1
-1280.00,-800.00,181760.00
-1.57,0.00,-1.18
2.25,2.25,2.25
1
-1280.00,-800.00,182080.00
-1.57,0.00,-1.18
2.25,2.25,2.25
1
-1280.00,-800.00,182400.00
-1.57,0.00,-1.18
2.25,2.25,2.25
1
-1280.00,-800.00,182720.00
-1.57,0.00,-1.18
2.25,2.25,2.25
1
-1280.00,-800.00,183040.00
-1.57,0.00,-1.18
2.25,2.25,2.25
1
-1280.00,-800.00,184800.00
0.00,0.00,0.00
2.75,2.75,2.75
1
2160.00,-800.00,184800.00
0.00,3.14,0.00
2.75,2.75,2.75
1
3200.00,-800.00,184160.00
0.00,3.14,-0.79
3.90,3.90,3.90
1
-2080.00,-800.00,185440.00
0.00,-0.00,-0.79
3.90,3.90,3.90
1
0.00,-1040.00,121600.00
-0.79,-0.00,0.00
2.45,2.45,2.45
0
800.00,-960.00,129600.00
0.00,0.00,0.00
1.30,1.30,1.30
0
-400.00,-1040.00,139040.00
0.00,0.00,0.00
1.30,1.30,1.30
0
-1920.00,-1040.00,173360.00
0.00,1.57,0.00
3.65,3.65,3.65
0
2720.00,-1040.00,173360.00
0.00,1.57,0.00
3.65,3.65,3.65
0
2000.00,-1040.00,174320.00
0.00,1.57,0.00
3.65,3.65,3.65
8
240.00,-720.00,108800.00
0.00,0.00,0.00
4.35,4.35,4.35
8
-1360.00,-720.00,112960.00
0.00,0.00,0.00
4.35,4.35,4.35
8
-880.00,-480.00,117200.00
0.00,0.00,0.00
4.35,4.35,4.35
8
-720.00,-320.00,120880.00
0.00,0.00,0.00
4.35,4.35,4.35
8
560.00,-560.00,122640.00
0.00,0.00,0.00
4.35,4.35,4.35
8
560.00,-560.00,122800.00
0.00,0.00,0.00
4.35,4.35,4.35
8
560.00,-560.00,123040.00
0.00,0.00,0.00
4.35,4.35,4.35
8
1280.00,-400.00,127040.00
0.00,0.00,0.00
4.35,4.35,4.35
8
800.00,-400.00,129600.00
0.00,0.00,0.00
4.35,4.35,4.35
8
960.00,-400.00,131200.00
0.00,0.00,0.00
4.35,4.35,4.35
8
400.00,-400.00,132320.00
0.00,0.00,0.00
4.35,4.35,4.35
8
400.00,-400.00,135520.00
0.00,0.00,0.00
4.35,4.35,4.35
8
-400.00,-480.00,137440.00
0.00,0.00,0.00
4.35,4.35,4.35
8
-400.00,-480.00,139040.00
0.00,0.00,0.00
4.35,4.35,4.35
8
0.00,320.00,142160.00
0.00,0.00,0.00
4.35,4.35,4.35
8
-400.00,-240.00,144000.00
0.00,0.00,0.00
4.35,4.35,4.35
8
-400.00,560.00,148400.00
0.00,0.00,0.00
4.35,4.35,4.35
8
560.00,240.00,150560.00
0.00,0.00,0.00
4.35,4.35,4.35
8
320.00,-160.00,153200.00
0.00,0.00,0.00
4.35,4.35,4.35
8
800.00,-720.00,155440.00
0.00,0.00,0.00
4.35,4.35,4.35
8
-800.00,-560.00,158160.00
0.00,0.00,0.00
4.35,4.35,4.35
8
-800.00,80.00,160080.00
0.00,0.00,0.00
4.35,4.35,4.35
8
640.00,-640.00,162320.00
0.00,0.00,0.00
4.35,4.35,4.35
8
880.00,-560.00,165200.00
0.00,0.00,0.00
4.35,4.35,4.35
8
0.00,-240.00,182240.00
0.00,0.00,0.00
4.35,4.35,4.35
8
0.00,-240.00,181600.00
0.00,0.00,0.00
4.35,4.35,4.35
8
0.00,-240.00,181040.00
0.00,0.00,0.00
4.35,4.35,4.35
8
0.00,-240.00,180480.00
0.00,0.00,0.00
4.35,4.35,4.35
8
0.00,-240.00,179920.00
0.00,0.00,0.00
4.35,4.35,4.35
8
0.00,-240.00,179360.00
0.00,0.00,0.00
4.35,4.35,4.35
8
0.00,-240.00,178720.00
0.00,0.00,0.00
4.35,4.35,4.35
8
0.00,-240.00,178240.00
0.00,0.00,0.00
4.35,4.35,4.35
8
0.00,-240.00,177680.00
0.00,0.00,0.00
4.35,4.35,4.35
8
0.00,-240.00,177200.00
0.00,0.00,0.00
4.35,4.35,4.35
8
0.00,-240.00,176720.00
0.00,0.00,0.00
4.35,4.35,4.35
8
0.00,-240.00,176000.00
0.00,0.00,0.00
4.35,4.35,4.35
8
640.00,-640.00,118160.00
0.00,0.00,0.00
4.20,4.20,4.20
8
0.00,-240.00,175600.00
0.00,0.00,0.00
4.20,4.20,4.20
8
240.00,-240.00,181280.00
0.00,0.00,0.00
4.20,4.20,4.20
8
-240.00,-240.00,181280.00
0.00,0.00,0.00
4.20,4.20,4.20
8
-240.00,-240.00,180720.00
0.00,0.00,0.00
4.20,4.20,4.20
8
320.00,-240.00,180720.00
0.00,0.00,0.00
4.20,4.20,4.20
8
400.00,-240.00,180240.00
0.00,0.00,0.00
4.20,4.20,4.20
8
-400.00,-240.00,180240.00
0.00,0.00,0.00
4.20,4.20,4.20
8
-400.00,-240.00,179680.00
0.00,0.00,0.00
4.20,4.20,4.20
8
400.00,-240.00,179680.00
0.00,0.00,0.00
4.20,4.20,4.20
8
400.00,-240.00,178960.00
0.00,0.00,0.00
4.20,4.20,4.20
8
-400.00,-240.00,178960.00
0.00,0.00,0.00
4.20,4.20,4.20
8
-480.00,-240.00,178480.00
0.00,0.00,0.00
4.20,4.20,4.20
8
480.00,-240.00,178480.00
0.00,0.00,0.00
4.20,4.20,4.20
8
80.00,-240.00,171280.00
0.00,0.00,0.00
4.20,4.20,4.20
8
80.00,-240.00,171360.00
0.00,0.00,0.00
4.20,4.20,4.20
8
80.00,-240.00,171440.00
0.00,0.00,0.00
4.20,4.20,4.20
8
80.00,-240.00,171520.00
0.00,0.00,0.00
4.20,4.20,4.20
7
80.00,400.00,187200.00
0.00,0.00,0.00
1.00,1.00,1.00
9
-1360.00,-720.00,112800.00
0.00,0.00,0.00
1.00,1.00,1.00
9
-880.00,-480.00,116880.00
0.00,0.00,0.00
1.00,1.00,1.00
9
560.00,-560.00,122400.00
0.00,0.00,0.00
1.00,1.00,1.00
9
720.00,80.00,142240.00
0.00,0.00,0.00
1.00,1.00,1.00
9
-1600.00,-400.00,146320.00
0.00,0.00,0.00
1.00,1.00,1.00
9
1520.00,-640.00,158800.00
0.00,0.00,0.00
1.00,1.00,1.00
9
-320.00,-240.00,184800.00
0.00,0.00,0.00
1.00,1.00,1.00
9
1040.00,-240.00,184800.00
0.00,0.00,0.00
1.00,1.00,1.00
10
-240.00,-320.00,81760.00
0.00,3.14,0.00
2.85,2.85,2.85
11
560.00,-80.00,81920.00
0.00,0.00,0.00
2.85,2.85,2.85
10
80.00,-960.00,126160.00
0.00,0.00,0.00
2.85,2.85,2.85
11
880.00,-1040.00,146640.00
0.00,3.14,0.00
2.85,2.85,2.85
11
80.00,-640.00,141360.00
0.00,-3.14,0.00
3.00,3.00,3.00
11
-560.00,-880.00,147120.00
0.00,-3.14,0.00
3.00,3.00,3.00
